 174 200 206  72  49  46  46  44  99 122 122 128 125 102 112 128
 161 196 197 133  59  49  49  48  41  85 165 199 193 190 188 191
 150 197 195 199 191 120  53  50  48  50  49  84 144 188 187 191
 162 195 195 197 198 201 206 139  63  50  46  48  44  62 147 193
 167 196 197 198 199 201 201 207 193 120  58  49  47  49  88 190
 154 196 197 199 200 202 203 203 208 183  91  51  47  46  80 193
 151 196 196 198 199 201 209 177 100  47  48  49  49  43  80 191
 155 197 196 198 204 179  87  52  47  47  47  44  58 142 185 191
 173 196 198 178  93  47  50  46  45  45  78 150 196 191 189 183
 163 195 201  48  48  47  46  46  76 163 199 199 196 187 190 190
 147 193 189  43  47  45  46  46  45  61  52  39  55  48  50  58
 157 194 191  50  46  46  44  47  42  44  44  44  44  46  44  46
 167 194 197  65  45  45  45  46  44  44  44  45  45  46  44  46
 166 193 197  55  44  50  41  43  45  44  44  43  46  47  42  46
 158 193 194 188 176 194 179 181 194 186 194 165 174 176 162 182
 132 183 162 178 169 180 173 164 186 169 175 162 175 169 155 174
 182 211 214  74  53  52  52  51 100 128 130 135 129 106 118 133
 171 206 207 137  59  50  53  52  45  90 178 211 204 200 197 200
 158 207 205 207 200 123  53  52  52  53  53  90 151 201 197 198
 170 207 206 207 209 211 214 139  64  51  53  53  48  68 155 200
 174 206 205 208 209 209 212 216 200 121  56  52  52  52  89 198
 161 207 206 208 209 209 212 212 215 184  87  52  52  51  81 201
 159 206 205 207 208 210 216 179  99  47  51  51  52  48  91 200
 163 205 205 206 211 180  86  53  53  52  52  49  65 152 196 199
 182 204 206 180  94  47  52  52  53  50  87 162 205 202 196 192
 172 204 209  50  52  52  53  52  86 170 210 205 203 199 200 197
 155 202 197  45  52  52  52  52  50  64  58  44  55  50  55  62
 163 202 200  52  52  51  51  50  50  51  51  52  50  47  48  48
 173 202 206  66  53  51  50  49  51  51  52  51  49  47  48  46
 172 202 206  56  47  53  45  47  46  45  46  44  48  47  44  45
 165 201 203 196 182 201 187 189 202 193 201 173 184 184 170 187
 136 192 172 183 174 188 181 171 192 175 185 171 180 174 162 180
 185 213 217  75  52  53  51  52 105 133 127 135 129 106 119 133
 174 210 211 134  54  50  53  52  47  95 188 221 209 205 202 204
 163 210 209 212 198 121  47  50  52  53  54  96 163 209 203 203
 172 210 210 211 213 215 216 136  58  52  53  53  48  71 159 204
 176 210 210 211 213 214 215 220 201 117  53  52  52  53  91 202
 164 209 210 211 213 214 216 216 217 186  87  52  52  53  84 206
 162 210 209 210 212 214 217 180 100  48  52  53  53  51  94 205
 166 210 209 210 213 181  86  53  54  54  54  51  67 157 201 204
 186 209 209 181  95  48  52  53  54  51  90 165 210 205 201 196
 180 209 211  51  53  54  52  54  97 177 215 215 213 202 205 203
 157 207 200  47  54  53  52  53  55  64  58  45  58  54  57  65
 166 207 204  55  54  52  51  52  51  52  51  51  51  52  51  50
 177 207 210  70  52  52  50  51  54  51  52  51  50  52  52  48
 176 205 210  56  45  52  45  43  45  46  49  47  47  46  45  47
 169 206 208 198 183 202 188 190 204 194 204 176 186 185 172 190
 143 195 177 193 180 194 189 178 198 183 192 173 186 184 169 185

 128 191 191 193 190 193 191 191 183 190  58  46  46  46 182 174
 112 188 187 147  88  80  80 185 189 190  50  44  44  42 162 155
 102 190 188  62  49  46  43 142 191 187  48  46  46  47 176 169
 125 193 144  44  47  47  49  58 196 196  55  44  45  46 174 175
 128 199  84  48  49  51  49  44 150 199  39  44  45  43 165 162
 122 165  49  46  58  91  48  47  78 199  52  44  44  44 194 175
 122  85  50  50 120 183  47  47  45 163  61  44  44  44 186 169
  99  41  48  63 193 208 100  47  45  76  45  42  44  45 194 186
  44  48  50 139 207 203 177  52  46  46  46  47  46  43 181 164
  46  49  53 206 201 203 209  87  50  46  46  44  45  41 179 173
  46  49 120 201 201 202 201 179  47  47  45  46  45  50 194 180
  49  59 191 198 199 200 199 204  93  48  47  46  45  44 176 169
  72 133 199 197 198 199 198 198 178  48  43  50  65  55 188 178
 206 197 195 195 197 197 196 196 198 201 189 191 197 197 194 162
 200 196 197 195 196 196 196 197 196 195 193 194 194 193 193 183
 174 161 150 162 167 154 151 155 173 163 147 157 167 166 158 132
 133 200 198 200 198 201 200 199 192 197  62  48  46  45 187 180
 118 197 197 155  89  81  91 196 196 200  55  48  48  44 170 162
 106 200 201  68  52  51  48 152 202 199  50  47  47  47 184 174
 129 204 151  48  52  52  52  65 205 203  55  50  49  48 184 180
 135 211  90  53  52  52  51  49 162 205  44  52  51  44 173 171
 130 178  53  53  56  87  51  52  87 210  58  51  52  46 201 185
 128  90  53  51 121 184  47  52  50 170  64  51  51  45 193 175
 100  45  52  64 200 215  99  53  53  86  50  50  51  46 202 192
  51  52  52 139 216 212 179  53  52  52  52  50  49  47 189 171
  52  53  53 214 212 212 216  86  52  53  52  51  50  45 187 181
  52  50 123 211 209 209 210 180  47  52  52  51  51  53 201 188
  53  59 200 209 209 209 208 211  94  52  52  52  53  47 182 174
  74 137 207 207 208 208 207 206 180  50  45  52  66  56 196 183
 214 207 205 206 205 206 205 205 206 209 197 200 206 206 203 172
 211 206 207 207 206 207 206 205 204 204 202 202 202 202 201 192
 182 171 158 170 174 161 159 163 182 172 155 163 173 172 165 136
 133 204 203 204 202 206 205 204 196 203  65  50  48  47 190 185
 119 202 203 159  91  84  94 201 201 205  57  51  52  45 172 169
 106 205 209  71  53  53  51 157 205 202  54  52  52  46 185 184
 129 209 163  48  52  52  53  67 210 213  58  51  50  47 186 186
 135 221  96  53  52  52  53  51 165 215  45  51  51  47 176 173
 127 188  54  53  53  87  52  54  90 215  58  51  52  49 204 192
 133  95  53  52 117 186  48  54  51 177  64  52  51  46 194 183
 105  47  52  58 201 217 100  54  54  97  55  51  54  45 204 198
  52  52  50 136 220 216 180  53  53  54  53  52  51  43 190 178
  51  53  47 216 215 216 217  86  52  52  52  51  50  45 188 189
  53  50 121 215 214 214 214 181  48  54  53  52  52  52 202 194
  52  54 198 213 213 213 212 213  95  53  54  54  52  45 183 180
  75 134 212 211 211 211 210 210 181  51  47  55  70  56 198 193
 217 211 209 210 210 210 209 209 209 211 200 204 210 210 208 177
 213 210 210 210 210 209 210 210 209 209 207 207 207 205 206 195
 185 174 163 172 176 164 162 166 186 180 157 166 177 176 169 143

 174 155 169 175 162 175 169 186 164 173 180 169 178 162 183 132
 182 162 176 174 165 194 186 194 181 179 194 176 188 194 193 158
  46  42  47  46  43  44  44  45  43  41  50  44  55 197 193 166
  46  44  46  45  45  44  44  44  46  45  45  45  65 197 194 167
  46  44  46  44  44  44  44  42  47  44  46  46  50 191 194 157
  58  50  48  55  39  52  61  45  46  46  45  47  43 189 193 147
 190 190 187 196 199 199 163  76  46  46  47  48  48 201 195 163
 183 189 191 196 150  78  45  45  46  50  47  93 178 198 196 173
 191 185 142  58  44  47  47  47  52  87 179 204 198 196 197 155
 191  80  43  49  49  48  47 100 177 209 201 199 198 196 196 151
 193  80  46  47  51  91 183 208 203 203 202 200 199 197 196 154
 190  88  49  47  49  58 120 193 207 201 201 199 198 197 196 167
 193 147  62  44  48  46  50  63 139 206 201 198 197 195 195 162
 191 187 188 144  84  49  50  48  50  53 120 191 199 195 197 150
 191 188 190 193 199 165  85  41  48  49  49  59 133 197 196 161
 128 112 102 125 128 122 122  99  44  46  46  49  72 206 200 174
 180 162 174 180 171 185 175 192 171 181 188 174 183 172 192 136
 187 170 184 184 173 201 193 202 189 187 201 182 196 203 201 165
  45  44  47  48  44  46  45  46  47  45  53  47  56 206 202 172
  46  48  47  49  51  52  51  51  49  50  51  53  66 206 202 173
  48  48  47  50  52  51  51  50  50  51  51  52  52 200 202 163
  62  55  50  55  44  58  64  50  52  52  52  52  45 197 202 155
 197 200 199 203 205 210 170  86  52  53  52  52  50 209 204 172
 192 196 202 205 162  87  50  53  52  52  47  94 180 206 204 182
 199 196 152  65  49  52  52  53  53  86 180 211 206 205 205 163
 200  91  48  52  51  51  47  99 179 216 210 208 207 205 206 159
 201  81  51  52  52  87 184 215 212 212 209 209 208 206 207 161
 198  89  52  52  52  56 121 200 216 212 209 209 208 205 206 174
 200 155  68  48  53  53  51  64 139 214 211 209 207 206 207 170
 198 197 201 151  90  53  53  52  52  53 123 200 207 205 207 158
 200 197 200 204 211 178  90  45  52  53  50  59 137 207 206 171
 133 118 106 129 135 130 128 100  51  52  52  53  74 214 211 182
 185 169 184 186 173 192 183 198 178 189 194 180 193 177 195 143
 190 172 185 186 176 204 194 204 190 188 202 183 198 208 206 169
  47  45  46  47  47  49  46  45  43  45  52  45  56 210 205 176
  48  52  52  50  51  52  51  54  51  50  52  52  70 210 207 177
  50  51  52  51  51  51  52  51  52  51  52  54  55 204 207 166
  65  57  54  58  45  58  64  55  53  52  53  54  47 200 207 157
 203 205 202 213 215 215 177  97  54  52  54  53  51 211 209 180
 196 201 205 210 165  90  51  54  53  52  48  95 181 209 209 186
 204 201 157  67  51  54  54  54  53  86 181 213 210 209 210 166
 205  94  51  53  53  52  48 100 180 217 214 212 210 209 210 162
 206  84  53  52  52  87 186 217 216 216 214 213 211 210 209 164
 202  91  53  52  52  53 117 201 220 215 214 213 211 210 210 176
 204 159  71  48  53  53  52  58 136 216 215 213 211 210 210 172
 203 203 209 163  96  54  53  52  50  47 121 198 212 209 210 163
 204 202 205 209 221 188  95  47  52  53  50  54 134 211 210 174
 133 119 106 129 135 127 133 105  52  51  53  52  75 217 213 185

 132 158 166 167 157 147 163 173 155 151 154 167 162 150 161 174
 183 193 193 194 194 193 195 196 197 196 196 196 195 197 196 200
 162 194 197 197 191 189 201 198 196 196 197 197 195 195 197 206
 178 188  55  65  50  43  48 178 198 198 199 198 197 199 133  72
 169 176  44  45  46  47  48  93 204 199 200 199 198 191  59  49
 180 194  50  45  46  45  47  47 179 201 202 201 201 120  49  46
 173 179  41  45  44  46  46  50  87 209 203 201 206  53  49  46
 164 181  43  46  47  46  46  46  52 177 203 207 139  50  48  44
 186 194  45  44  42  45  76  45  47 100 208 193  63  48  41  99
 169 186  44  44  44  61 163  45  47  47 183 120  50  50  85 122
 175 194  44  44  44  52 199  78  47  48  91  58  46  49 165 122
 162 165  43  45  44  39 199 150  44  49  51  49  48  84 199 128
 175 174  46  45  44  55 196 196  58  49  47  47  44 144 193 125
 169 176  47  46  46  48 187 191 142  43  46  49  62 188 190 102
 155 162  42  44  44  50 190 189 185  80  80  88 147 187 188 112
 174 182  46  46  46  58 190 183 191 191 193 190 193 191 191 128
 136 165 172 173 163 155 172 182 163 159 161 174 170 158 171 182
 192 201 202 202 202 202 204 204 205 206 207 206 207 207 206 211
 172 203 206 206 200 197 209 206 205 205 206 205 206 205 207 214
 183 196  56  66  52  45  50 180 206 207 208 208 207 207 137  74
 174 182  47  53  52  52  52  94 211 208 209 209 209 200  59  53
 188 201  53  51  51  52  52  47 180 210 209 209 211 123  50  52
 181 187  45  50  51  52  53  52  86 216 212 212 214  53  53  52
 171 189  47  49  50  52  52  52  53 179 212 216 139  52  52  51
 192 202  46  51  50  50  86  53  53  99 215 200  64  52  45 100
 175 193  45  51  51  64 170  50  52  47 184 121  51  53  90 128
 185 201  46  52  51  58 210  87  52  51  87  56  53  53 178 130
 171 173  44  51  52  44 205 162  49  51  52  52  53  90 211 135
 180 184  48  49  50  55 203 205  65  52  52  52  48 151 204 129
 174 184  47  47  47  50 199 202 152  48  51  52  68 201 200 106
 162 170  44  48  48  55 200 196 196  91  81  89 155 197 197 118
 180 187  45  46  48  62 197 192 199 200 201 198 200 198 200 133
 143 169 176 177 166 157 180 186 166 162 164 176 172 163 174 185
 195 206 205 207 207 207 209 209 210 210 209 210 210 210 210 213
 177 208 210 210 204 200 211 209 209 209 210 210 210 209 211 217
 193 198  56  70  55  47  51 181 210 210 211 211 211 212 134  75
 180 183  45  52  54  54  53  95 213 212 213 213 213 198  54  52
 194 202  52  52  52  53  54  48 181 214 214 214 215 121  50  53
 189 188  45  50  51  52  52  52  86 217 216 215 216  47  53  51
 178 190  43  51  52  53  54  53  53 180 216 220 136  50  52  52
 198 204  45  54  51  55  97  54  54 100 217 201  58  52  47 105
 183 194  46  51  52  64 177  51  54  48 186 117  52  53  95 133
 192 204  49  52  51  58 215  90  54  52  87  53  53  54 188 127
 173 176  47  51  51  45 215 165  51  53  52  52  53  96 221 135
 186 186  47  50  51  58 213 210  67  53  52  52  48 163 209 129
 184 185  46  52  52  54 202 205 157  51  53  53  71 209 205 106
 169 172  45  52  51  57 205 201 201  94  84  91 159 203 202 119
 185 190  47  48  50  65 203 196 204 205 206 202 204 203 204 133

