 176 237 228 220 219 219 219 222 225 224 221 227 231 232 235 234
 181 228 199 150 140 135 219 219 219 221 224 226 225 225 225 225
 180 229 142  59  55  56 220 218 219 221 224 225 224 224 226 229
 171 231 152  58  54  41 217 218 219 221 224 226 226 226 226 229
 177 231 148  54  52  40 223 219 221 222 225 227 227 227 225 230
 177 230 138  54  53  79 222 219 221 222 225 226 227 228 227 228
 172 231 142  59  54  71 218 218 221 224 225 228 229 228 227 228
 170 232 165  61  53  56 145 174 170 162 167 180 166 156 167 186
 180 232 157  57  54  53  46  50  52  50  50  51  50  47  51  52
 184 231 139  53  54  51  51  51  52  51  51  53  52  52  53  54
 164 229 135  56  52  52  51  51  51  52  51  52  50  51  51  50
 161 229 150  55  51  51  53  53  51  50  53  55  53  53  51  52
 184 229 155  56  54  52 116 126 118 117 129 104 122 133 102 112
 181 226 151  56  55  71 224 221 222 225 229 229 231 231 229 231
 174 226 145  60  53  70 218 218 219 223 225 227 228 226 224 228
 155 201 154  60  52  56 190 208 197 210 200 201 218 197 210 211
 181 247 239 230 229 230 229 231 234 233 233 238 240 240 243 242
 190 240 206 156 147 145 229 228 230 231 236 237 237 237 235 235
 188 242 149  59  58  60 232 230 231 232 236 237 238 237 236 238
 177 242 157  58  58  45 230 230 231 233 238 238 238 237 236 238
 183 243 154  55  59  45 234 231 231 234 237 238 238 238 237 238
 184 244 145  56  58  86 232 230 231 234 236 238 238 237 236 236
 178 243 149  59  58  79 229 231 232 234 236 237 238 237 235 237
 173 243 169  60  59  62 152 183 179 172 175 186 172 162 174 191
 187 242 161  58  58  57  52  55  55  54  54  54  53  52  54  56
 190 242 143  56  58  57  55  54  55  57  57  56  56  58  56  56
 170 241 141  58  57  56  55  55  55  56  55  57  56  55  56  54
 167 240 156  57  57  57  58  58  58  58  57  58  58  57  58  57
 191 240 159  57  57  55 120 132 126 125 134 104 127 138 108 117
 188 238 157  58  58  75 235 231 233 235 240 240 240 241 238 240
 181 237 152  58  59  76 231 229 231 234 235 237 236 237 236 236
 159 210 153  57  57  61 199 217 208 221 205 211 229 206 219 216
 182 248 240 231 231 231 231 234 236 235 234 240 242 243 246 244
 192 243 202 156 148 148 232 231 234 236 240 241 241 241 240 238
 194 244 148  62  62  60 235 232 235 236 240 241 241 241 241 242
 181 245 157  60  61  45 232 233 235 237 240 241 242 241 241 242
 184 245 153  58  59  48 237 233 235 237 240 242 242 241 241 243
 187 246 144  57  60  87 236 233 235 237 239 241 242 242 241 242
 178 244 148  64  61  81 234 234 235 238 240 241 241 242 240 241
 173 245 168  62  60  64 159 184 179 173 177 187 177 164 176 194
 188 245 160  60  58  58  52  55  55  56  57  57  55  54  54  57
 192 245 142  56  58  56  55  55  57  57  58  59  57  59  58  56
 174 244 139  60  57  56  55  55  56  57  57  58  57  56  57  54
 171 243 154  60  57  57  59  59  58  58  60  60  60  60  58  56
 191 241 158  60  57  55 121 132 124 122 132 102 126 138 108 113
 189 240 155  60  58  77 237 233 236 238 243 243 243 244 241 243
 181 239 149  61  59  79 235 231 234 237 239 241 241 240 239 240
 164 214 153  60  56  64 206 219 209 224 213 212 229 210 225 220

 234 225 229 229 230 228 228 186  52  54  50  52 112 231 228 211
 235 225 226 226 225 227 227 167  51  53  51  51 102 229 224 210
 232 225 224 226 227 228 228 156  47  52  51  53 133 231 226 197
 231 225 224 226 227 227 229 166  50  52  50  53 122 231 228 218
 227 226 225 226 227 226 228 180  51  53  52  55 104 229 227 201
 221 224 224 224 225 225 225 167  50  51  51  53 129 229 225 200
 224 221 221 221 222 222 224 162  50  51  52  50 117 225 223 210
 225 219 219 219 221 221 221 170  52  52  51  51 118 222 219 197
 222 219 218 218 219 219 218 174  50  51  51  53 126 221 218 208
 219 219 220 217 223 222 218 145  46  51  51  53 116 224 218 190
 219 135  56  41  40  79  71  56  53  51  52  51  52  71  70  56
 219 140  55  54  52  53  54  53  54  54  52  51  54  55  53  52
 220 150  59  58  54  54  59  61  57  53  56  55  56  56  60  60
 228 199 142 152 148 138 142 165 157 139 135 150 155 151 145 154
 237 228 229 231 231 230 231 232 232 231 229 229 229 226 226 201
 176 181 180 171 177 177 172 170 180 184 164 161 184 181 174 155
 242 235 238 238 238 236 237 191  56  56  54  57 117 240 236 216
 243 235 236 236 237 236 235 174  54  56  56  58 108 238 236 219
 240 237 237 237 238 237 237 162  52  58  55  57 138 241 237 206
 240 237 238 238 238 238 238 172  53  56  56  58 127 240 236 229
 238 237 237 238 238 238 237 186  54  56  57  58 104 240 237 211
 233 236 236 238 237 236 236 175  54  57  55  57 134 240 235 205
 233 231 232 233 234 234 234 172  54  57  56  58 125 235 234 221
 234 230 231 231 231 231 232 179  55  55  55  58 126 233 231 208
 231 228 230 230 231 230 231 183  55  54  55  58 132 231 229 217
 229 229 232 230 234 232 229 152  52  55  55  58 120 235 231 199
 230 145  60  45  45  86  79  62  57  57  56  57  55  75  76  61
 229 147  58  58  59  58  58  59  58  58  57  57  57  58  59  57
 230 156  59  58  55  56  59  60  58  56  58  57  57  58  58  57
 239 206 149 157 154 145 149 169 161 143 141 156 159 157 152 153
 247 240 242 242 243 244 243 243 242 242 241 240 240 238 237 210
 181 190 188 177 183 184 178 173 187 190 170 167 191 188 181 159
 244 238 242 242 243 242 241 194  57  56  54  56 113 243 240 220
 246 240 241 241 241 241 240 176  54  58  57  58 108 241 239 225
 243 241 241 241 241 242 242 164  54  59  56  60 138 244 240 210
 242 241 241 242 242 242 241 177  55  57  57  60 126 243 241 229
 240 241 241 241 242 241 241 187  57  59  58  60 102 243 241 212
 234 240 240 240 240 239 240 177  57  58  57  60 132 243 239 213
 235 236 236 237 237 237 238 173  56  57  57  58 122 238 237 224
 236 234 235 235 235 235 235 179  55  57  56  58 124 236 234 209
 234 231 232 233 233 233 234 184  55  55  55  59 132 233 231 219
 231 232 235 232 237 236 234 159  52  55  55  59 121 237 235 206
 231 148  60  45  48  87  81  64  58  56  56  57  55  77  79  64
 231 148  62  61  59  60  61  60  58  58  57  57  57  58  59  56
 231 156  62  60  58  57  64  62  60  56  60  60  60  60  61  60
 240 202 148 157 153 144 148 168 160 142 139 154 158 155 149 153
 248 243 244 245 245 246 244 245 245 245 244 243 241 240 239 214
 182 192 194 181 184 187 178 173 188 192 174 171 191 189 181 164

 211 210 197 218 201 200 210 197 208 190  56  52  60 154 201 155
 228 224 226 228 227 225 223 219 218 218  70  53  60 145 226 174
 231 229 231 231 229 229 225 222 221 224  71  55  56 151 226 181
 112 102 133 122 104 129 117 118 126 116  52  54  56 155 229 184
  52  51  53  53  55  53  50  51  53  53  51  51  55 150 229 161
  50  51  51  50  52  51  52  51  51  51  52  52  56 135 229 164
  54  53  52  52  53  51  51  52  51  51  51  54  53 139 231 184
  52  51  47  50  51  50  50  52  50  46  53  54  57 157 232 180
 186 167 156 166 180 167 162 170 174 145  56  53  61 165 232 170
 228 227 228 229 228 225 224 221 218 218  71  54  59 142 231 172
 228 227 228 227 226 225 222 221 219 222  79  53  54 138 230 177
 230 225 227 227 227 225 222 221 219 223  40  52  54 148 231 177
 229 226 226 226 226 224 221 219 218 217  41  54  58 152 231 171
 229 226 224 224 225 224 221 219 218 220  56  55  59 142 229 180
 225 225 225 225 226 224 221 219 219 219 135 140 150 199 228 181
 234 235 232 231 227 221 224 225 222 219 219 219 220 228 237 176
 216 219 206 229 211 205 221 208 217 199  61  57  57 153 210 159
 236 236 237 236 237 235 234 231 229 231  76  59  58 152 237 181
 240 238 241 240 240 240 235 233 231 235  75  58  58 157 238 188
 117 108 138 127 104 134 125 126 132 120  55  57  57 159 240 191
  57  58  57  58  58  57  58  58  58  58  57  57  57 156 240 167
  54  56  55  56  57  55  56  55  55  55  56  57  58 141 241 170
  56  56  58  56  56  57  57  55  54  55  57  58  56 143 242 190
  56  54  52  53  54  54  54  55  55  52  57  58  58 161 242 187
 191 174 162 172 186 175 172 179 183 152  62  59  60 169 243 173
 237 235 237 238 237 236 234 232 231 229  79  58  59 149 243 178
 236 236 237 238 238 236 234 231 230 232  86  58  56 145 244 184
 238 237 238 238 238 237 234 231 231 234  45  59  55 154 243 183
 238 236 237 238 238 238 233 231 230 230  45  58  58 157 242 177
 238 236 237 238 237 236 232 231 230 232  60  58  59 149 242 188
 235 235 237 237 237 236 231 230 228 229 145 147 156 206 240 190
 242 243 240 240 238 233 233 234 231 229 230 229 230 239 247 181
 220 225 210 229 212 213 224 209 219 206  64  56  60 153 214 164
 240 239 240 241 241 239 237 234 231 235  79  59  61 149 239 181
 243 241 244 243 243 243 238 236 233 237  77  58  60 155 240 189
 113 108 138 126 102 132 122 124 132 121  55  57  60 158 241 191
  56  58  60  60  60  60  58  58  59  59  57  57  60 154 243 171
  54  57  56  57  58  57  57  56  55  55  56  57  60 139 244 174
  56  58  59  57  59  58  57  57  55  55  56  58  56 142 245 192
  57  54  54  55  57  57  56  55  55  52  58  58  60 160 245 188
 194 176 164 177 187 177 173 179 184 159  64  60  62 168 245 173
 241 240 242 241 241 240 238 235 234 234  81  61  64 148 244 178
 242 241 242 242 241 239 237 235 233 236  87  60  57 144 246 187
 243 241 241 242 242 240 237 235 233 237  48  59  58 153 245 184
 242 241 241 242 241 240 237 235 233 232  45  61  60 157 245 181
 242 241 241 241 241 240 236 235 232 235  60  62  62 148 244 194
 238 240 241 241 241 240 236 234 231 232 148 148 156 202 243 192
 244 246 243 242 240 234 235 236 234 231 231 231 231 240 248 182

 155 174 181 184 161 164 184 180 170 172 177 177 171 180 181 176
 201 226 226 229 229 229 231 232 232 231 230 231 231 229 228 237
 154 145 151 155 150 135 139 157 165 142 138 148 152 142 199 228
  60  60  56  56  55  56  53  57  61  59  54  54  58  59 150 220
  52  53  55  54  51  52  54  54  53  54  53  52  54  55 140 219
  56  70  71  52  51  52  51  53  56  71  79  40  41  56 135 219
 190 218 224 116  53  51  51  46 145 218 222 223 217 220 219 219
 208 218 221 126  53  51  51  50 174 218 219 219 218 218 219 222
 197 219 222 118  51  51  52  52 170 221 221 221 219 219 219 225
 210 223 225 117  50  52  51  50 162 224 222 222 221 221 221 224
 200 225 229 129  53  51  51  50 167 225 225 225 224 224 224 221
 201 227 229 104  55  52  53  51 180 228 226 227 226 225 226 227
 218 228 231 122  53  50  52  50 166 229 227 227 226 224 225 231
 197 226 231 133  53  51  52  47 156 228 228 227 226 224 225 232
 210 224 229 102  51  51  53  51 167 227 227 225 226 226 225 235
 211 228 231 112  52  50  54  52 186 228 228 230 229 229 225 234
 159 181 188 191 167 170 190 187 173 178 184 183 177 188 190 181
 210 237 238 240 240 241 242 242 243 243 244 243 242 242 240 247
 153 152 157 159 156 141 143 161 169 149 145 154 157 149 206 239
  57  58  58  57  57  58  56  58  60  59  56  55  58  59 156 230
  57  59  58  57  57  57  58  58  59  58  58  59  58  58 147 229
  61  76  75  55  57  56  57  57  62  79  86  45  45  60 145 230
 199 231 235 120  58  55  55  52 152 229 232 234 230 232 229 229
 217 229 231 132  58  55  54  55 183 231 230 231 230 230 228 231
 208 231 233 126  58  55  55  55 179 232 231 231 231 231 230 234
 221 234 235 125  58  56  57  54 172 234 234 234 233 232 231 233
 205 235 240 134  57  55  57  54 175 236 236 237 238 236 236 233
 211 237 240 104  58  57  56  54 186 237 238 238 238 237 237 238
 229 236 240 127  58  56  56  53 172 238 238 238 238 238 237 240
 206 237 241 138  57  55  58  52 162 237 237 238 237 237 237 240
 219 236 238 108  58  56  56  54 174 235 236 237 236 236 235 243
 216 236 240 117  57  54  56  56 191 237 236 238 238 238 235 242
 164 181 189 191 171 174 192 188 173 178 187 184 181 194 192 182
 214 239 240 241 243 244 245 245 245 244 246 245 245 244 243 248
 153 149 155 158 154 139 142 160 168 148 144 153 157 148 202 240
  60  61  60  60  60  60  56  60  62  64  57  58  60  62 156 231
  56  59  58  57  57  57  58  58  60  61  60  59  61  62 148 231
  64  79  77  55  57  56  56  58  64  81  87  48  45  60 148 231
 206 235 237 121  59  55  55  52 159 234 236 237 232 235 232 231
 219 231 233 132  59  55  55  55 184 234 233 233 233 232 231 234
 209 234 236 124  58  56  57  55 179 235 235 235 235 235 234 236
 224 237 238 122  58  57  57  56 173 238 237 237 237 236 236 235
 213 239 243 132  60  57  58  57 177 240 239 240 240 240 240 234
 212 241 243 102  60  58  59  57 187 241 241 242 241 241 241 240
 229 241 243 126  60  57  57  55 177 241 242 242 242 241 241 242
 210 240 244 138  60  56  59  54 164 242 242 241 241 241 241 243
 225 239 241 108  58  57  58  54 176 240 241 241 241 241 240 246
 220 240 243 113  56  54  56  57 194 241 242 243 242 242 238 244

