 217 228 225 217 223 225 231 228 229 232 236 237 224 229 229 237
 206 218 216 215 224 202 149 123 136 188 228 227 225 224 223 236
 197 218 216 224 130  47  50  52  52  46 123 232 227 226 233 173
 192 219 219 154  48  53  54  51  54  55  50 116 233 235 109  44
 210 218 221  63  54  53  53  51  52  54  52  44 191  96  49  49
 208 217 186  47  53  49  51  47  48  57  53  50  50  50  49  48
 198 218 171  56  53  47 100 178 188 103  52  51  52  50  46  47
 192 217 164  53  52  53 211 221 223 234  55  53  51  51  50  56
 191 216 166  53  52  84 219 221 222 234 100  55  52  50  92 221
 186 216 168  58  53 100 219 220 222 228 119  53  54 102 225 223
 183 215 153  59  53 134 219 219 221 224 125  51  52 157 221 224
 221 215 130  59  51 102 183 174 166 188 112  51  49 128 172 200
 218 216 132  59  52  49  46  46  51  46  47  52  49  45  46  42
 214 215 134  54  50  49  48  49  51  52  50  49  51  47  46  46
 208 213 137  49  49  48  48  49  49  50  51  47  51  47  45  45
 182 189 144  48  47  47  49  48  49  50  52  48  51  46  44  44
 223 237 234 224 230 234 239 237 238 241 245 245 231 235 234 242
 212 227 225 224 230 204 153 125 142 198 239 236 234 233 231 241
 203 227 225 231 130  48  56  57  58  50 130 238 236 234 237 173
 199 228 228 155  50  58  57  58  58  58  54 121 240 237 107  48
 219 227 227  63  58  57  57  58  58  58  58  50 194  95  51  54
 219 226 191  47  57  56  56  52  53  58  57  56  50  52  53  53
 212 227 175  55  57  54 113 187 194 101  53  56  53  53  54  53
 200 226 169  54  58  57 223 230 232 240  59  56  55  54  52  63
 197 225 171  55  59  89 229 230 232 241 103  57  55  53 104 230
 192 225 174  58  59 107 229 229 231 237 121  56  56 108 235 231
 191 224 158  57  58 140 229 229 231 234 125  53  55 163 230 231
 229 224 134  57  56 107 189 181 176 200 111  53  54 131 180 203
 225 225 136  56  56  54  51  52  55  52  51  55  53  49  49  46
 222 224 137  55  55  54  55  56  56  57  55  54  52  53  53  54
 215 222 138  51  55  54  54  55  54  54  54  55  53  53  53  53
 186 198 139  51  54  53  53  54  53  53  54  55  52  53  53  52
 224 236 233 224 230 233 238 237 238 241 245 244 230 236 235 241
 213 227 224 224 227 202 155 131 149 203 243 237 234 234 233 241
 204 227 224 227 122  49  57  58  58  50 134 241 236 235 233 165
 199 227 227 146  48  59  61  58  60  59  55 122 239 235 102  47
 219 226 222  58  59  58  60  58  59  58  58  51 195  91  52  54
 220 226 186  48  59  57  60  52  49  57  58  58  54  53  54  54
 215 226 171  58  58  56 119 186 188  95  54  57  57  54  54  54
 202 225 165  56  58  59 226 230 231 239  59  56  56  55  54  66
 197 225 168  56  59  92 229 230 231 240 103  57  55  55 108 231
 192 224 172  60  58 109 228 229 231 236 121  57  56 113 236 231
 190 224 157  60  58 141 229 229 230 234 125  54  56 165 230 231
 230 223 132  59  55 108 194 180 176 200 110  54  55 133 183 205
 227 224 133  57  57  55  53  52  56  53  52  58  55  53  52  46
 221 223 136  55  56  54  55  57  58  57  55  56  55  55  54  55
 215 221 137  51  55  56  56  55  55  55  55  56  55  54  53  55
 190 198 135  51  55  55  55  54  55  54  55  57  55  55  53  53

 237 236 173  44  49  48  47  56 221 223 224 200  42  46  45  44
 229 223 233 109  49  49  46  50  92 225 221 172  46  46  45  44
 229 224 226 235  96  50  50  51  50 102 157 128  45  47  47  46
 224 225 227 233 191  50  52  51  52  54  52  49  49  51  51  51
 237 227 232 116  44  50  51  53  55  53  51  51  52  49  47  48
 236 228 123  50  52  53  52  55 100 119 125 112  47  50  51  52
 232 188  46  55  54  57 103 234 234 228 224 188  46  52  50  50
 229 136  52  54  52  48 188 223 222 222 221 166  51  51  49  49
 228 123  52  51  51  47 178 221 221 220 219 174  46  49  49  48
 231 149  50  54  53  51 100 211 219 219 219 183  46  48  48  49
 225 202  47  53  53  49  47  53  84 100 134 102  49  49  48  47
 223 224 130  48  54  53  53  52  52  53  53  51  52  50  49  47
 217 215 224 154  63  47  56  53  53  58  59  59  59  54  49  48
 225 216 216 219 221 186 171 164 166 168 153 130 132 134 137 144
 228 218 218 219 218 217 218 217 216 216 215 215 216 215 213 189
 217 206 197 192 210 208 198 192 191 186 183 221 218 214 208 182
 242 241 173  48  54  53  53  63 230 231 231 203  46  54  53  52
 234 231 237 107  51  53  54  52 104 235 230 180  49  53  53  53
 235 233 234 237  95  52  53  54  53 108 163 131  49  53  53  53
 231 234 236 240 194  50  53  55  55  56  55  54  53  52  53  52
 245 236 238 121  50  56  56  56  57  56  53  53  55  54  55  55
 245 239 130  54  58  57  53  59 103 121 125 111  51  55  54  54
 241 198  50  58  58  58 101 240 241 237 234 200  52  57  54  53
 238 142  58  58  58  53 194 232 232 231 231 176  55  56  54  53
 237 125  57  58  58  52 187 230 230 229 229 181  52  56  55  54
 239 153  56  57  57  56 113 223 229 229 229 189  51  55  54  53
 234 204  48  58  57  56  54  57  89 107 140 107  54  54  54  53
 230 230 130  50  58  57  57  58  59  59  58  56  56  55  55  54
 224 224 231 155  63  47  55  54  55  58  57  57  56  55  51  51
 234 225 225 228 227 191 175 169 171 174 158 134 136 137 138 139
 237 227 227 228 227 226 227 226 225 225 224 224 225 224 222 198
 223 212 203 199 219 219 212 200 197 192 191 229 225 222 215 186
 241 241 165  47  54  54  54  66 231 231 231 205  46  55  55  53
 235 233 233 102  52  54  54  54 108 236 230 183  52  54  53  53
 236 234 235 235  91  53  54  55  55 113 165 133  53  55  54  55
 230 234 236 239 195  54  57  56  55  56  56  55  55  55  55  55
 244 237 241 122  51  58  57  56  57  57  54  54  58  56  56  57
 245 243 134  55  58  58  54  59 103 121 125 110  52  55  55  55
 241 203  50  59  58  57  95 239 240 236 234 200  53  57  55  54
 238 149  58  60  59  49 188 231 231 231 230 176  56  58  55  55
 237 131  58  58  58  52 186 230 230 229 229 180  52  57  55  54
 238 155  57  61  60  60 119 226 229 228 229 194  53  55  56  55
 233 202  49  59  58  57  56  59  92 109 141 108  55  54  56  55
 230 227 122  48  59  59  58  58  59  58  58  55  57  56  55  55
 224 224 227 146  58  48  58  56  56  60  60  59  57  55  51  51
 233 224 224 227 222 186 171 165 168 172 157 132 133 136 137 135
 236 227 227 227 226 226 226 225 225 224 224 223 224 223 221 198
 224 213 204 199 219 220 215 202 197 192 190 230 227 221 215 190

  44  44  46  51  48  52  50  49  48  49  47  47  48 144 189 182
  45  45  47  51  47  51  50  49  49  48  48  49  49 137 213 208
  46  46  47  51  49  50  52  51  49  48  49  50  54 134 215 214
  42  46  45  49  52  47  46  51  46  46  49  52  59 132 216 218
 200 172 128  49  51 112 188 166 174 183 102  51  59 130 215 221
 224 221 157  52  51 125 224 221 219 219 134  53  59 153 215 183
 223 225 102  54  53 119 228 222 220 219 100  53  58 168 216 186
 221  92  50  52  55 100 234 222 221 219  84  52  53 166 216 191
  56  50  51  51  53  55 234 223 221 211  53  52  53 164 217 192
  47  46  50  52  51  52 103 188 178 100  47  53  56 171 218 198
  48  49  50  50  50  53  57  48  47  51  49  53  47 186 217 208
  49  49  96 191  44  52  54  52  51  53  53  54  63 221 218 210
  44 109 235 233 116  50  55  54  51  54  53  48 154 219 219 192
 173 233 226 227 232 123  46  52  52  50  47 130 224 216 218 197
 236 223 224 225 227 228 188 136 123 149 202 224 215 216 218 206
 237 229 229 224 237 236 232 229 228 231 225 223 217 225 228 217
  52  53  53  52  55  54  53  53  54  53  53  54  51 139 198 186
  53  53  53  53  55  54  54  54  55  54  54  55  51 138 222 215
  54  53  53  52  54  55  57  56  56  55  54  55  55 137 224 222
  46  49  49  53  55  51  52  55  52  51  54  56  56 136 225 225
 203 180 131  54  53 111 200 176 181 189 107  56  57 134 224 229
 231 230 163  55  53 125 234 231 229 229 140  58  57 158 224 191
 231 235 108  56  56 121 237 231 229 229 107  59  58 174 225 192
 230 104  53  55  57 103 241 232 230 229  89  59  55 171 225 197
  63  52  54  55  56  59 240 232 230 223  57  58  54 169 226 200
  53  54  53  53  56  53 101 194 187 113  54  57  55 175 227 212
  53  53  52  50  56  57  58  53  52  56  56  57  47 191 226 219
  54  51  95 194  50  58  58  58  58  57  57  58  63 227 227 219
  48 107 237 240 121  54  58  58  58  57  58  50 155 228 228 199
 173 237 234 236 238 130  50  58  57  56  48 130 231 225 227 203
 241 231 233 234 236 239 198 142 125 153 204 230 224 225 227 212
 242 234 235 231 245 245 241 238 237 239 234 230 224 234 237 223
  53  53  55  55  57  55  54  55  54  55  55  55  51 135 198 190
  55  53  54  55  56  55  55  55  55  56  56  55  51 137 221 215
  55  54  55  55  56  55  57  58  57  55  54  56  55 136 223 221
  46  52  53  55  58  52  53  56  52  53  55  57  57 133 224 227
 205 183 133  55  54 110 200 176 180 194 108  55  59 132 223 230
 231 230 165  56  54 125 234 230 229 229 141  58  60 157 224 190
 231 236 113  56  57 121 236 231 229 228 109  58  60 172 224 192
 231 108  55  55  57 103 240 231 230 229  92  59  56 168 225 197
  66  54  55  56  56  59 239 231 230 226  59  58  56 165 225 202
  54  54  54  57  57  54  95 188 186 119  56  58  58 171 226 215
  54  54  53  54  58  58  57  49  52  60  57  59  48 186 226 220
  54  52  91 195  51  58  58  59  58  60  58  59  58 222 226 219
  47 102 235 239 122  55  59  60  58  61  59  48 146 227 227 199
 165 233 235 236 241 134  50  58  58  57  49 122 227 224 227 204
 241 233 234 234 237 243 203 149 131 155 202 227 224 224 227 213
 241 235 236 230 244 245 241 238 237 238 233 230 224 233 236 224

 182 208 214 218 221 183 186 191 192 198 208 210 192 197 206 217
 189 213 215 216 215 215 216 216 217 218 217 218 219 218 218 228
 144 137 134 132 130 153 168 166 164 171 186 221 219 216 216 225
  48  49  54  59  59  59  58  53  53  56  47  63 154 224 215 217
  47  49  50  52  51  53  53  52  52  53  53  54  48 130 224 223
  47  48  49  49 102 134 100  84  53  47  49  53  53  47 202 225
  49  48  48  46 183 219 219 219 211 100  51  53  54  50 149 231
  48  49  49  46 174 219 220 221 221 178  47  51  51  52 123 228
  49  49  51  51 166 221 222 222 223 188  48  52  54  52 136 229
  50  50  52  46 188 224 228 234 234 103  57  54  55  46 188 232
  52  51  50  47 112 125 119 100  55  52  53  52  50 123 228 236
  48  47  49  52  51  51  53  55  53  51  50  44 116 232 227 237
  51  51  51  49  49  52  54  52  51  52  50 191 233 227 225 224
  46  47  47  45 128 157 102  50  51  50  50  96 235 226 224 229
  44  45  46  46 172 221 225  92  50  46  49  49 109 233 223 229
  44  45  46  42 200 224 223 221  56  47  48  49  44 173 236 237
 186 215 222 225 229 191 192 197 200 212 219 219 199 203 212 223
 198 222 224 225 224 224 225 225 226 227 226 227 228 227 227 237
 139 138 137 136 134 158 174 171 169 175 191 227 228 225 225 234
  51  51  55  56  57  57  58  55  54  55  47  63 155 231 224 224
  54  55  55  56  56  58  59  59  58  57  57  58  50 130 230 230
  53  54  54  54 107 140 107  89  57  54  56  57  58  48 204 234
  53  54  55  51 189 229 229 229 223 113  56  57  57  56 153 239
  54  55  56  52 181 229 229 230 230 187  52  58  58  57 125 237
  53  54  56  55 176 231 231 232 232 194  53  58  58  58 142 238
  53  54  57  52 200 234 237 241 240 101  58  58  58  50 198 241
  54  54  55  51 111 125 121 103  59  53  57  58  54 130 239 245
  55  55  54  55  53  53  56  57  56  56  56  50 121 238 236 245
  52  53  52  53  54  55  56  55  55  53  50 194 240 236 234 231
  53  53  53  49 131 163 108  53  54  53  52  95 237 234 233 235
  53  53  53  49 180 230 235 104  52  54  53  51 107 237 231 234
  52  53  54  46 203 231 231 230  63  53  53  54  48 173 241 242
 190 215 221 227 230 190 192 197 202 215 220 219 199 204 213 224
 198 221 223 224 223 224 224 225 225 226 226 226 227 227 227 236
 135 137 136 133 132 157 172 168 165 171 186 222 227 224 224 233
  51  51  55  57  59  60  60  56  56  58  48  58 146 227 224 224
  55  55  56  57  55  58  58  59  58  58  59  59  48 122 227 230
  55  56  54  55 108 141 109  92  59  56  57  58  59  49 202 233
  55  56  55  53 194 229 228 229 226 119  60  60  61  57 155 238
  54  55  57  52 180 229 229 230 230 186  52  58  58  58 131 237
  55  55  58  56 176 230 231 231 231 188  49  59  60  58 149 238
  54  55  57  53 200 234 236 240 239  95  57  58  59  50 203 241
  55  55  55  52 110 125 121 103  59  54  58  58  55 134 243 245
  57  56  56  58  54  54  57  57  56  57  58  51 122 241 237 244
  55  55  55  55  55  56  56  55  56  57  54 195 239 236 234 230
  55  54  55  53 133 165 113  55  55  54  53  91 235 235 234 236
  53  53  54  52 183 230 236 108  54  54  54  52 102 233 233 235
  53  55  55  46 205 231 231 231  66  54  54  54  47 165 241 241

